2 400000
2 400004
2 400008
2 40000c
2 400010
2 400014
2 400018
2 40001c
2 400020
2 400024
1 10010010
2 400028
2 40002c
2 400030
2 400014
2 400018
2 40001c
2 400020
2 400024
2 400028
1 10010014
2 40002c
2 400030
2 400014
2 400018
2 40001c
2 400020
2 400024
2 400028
1 10010018
2 40002c
2 400030
2 400014
2 400018
2 40001c
2 400020
2 400024
2 400028
1 1001001c
2 40002c
2 400030
2 400014
2 400018
2 40001c
2 400020
2 400024
2 400028
1 10010020
2 40002c
2 400030
2 400014
2 400018
2 40001c
2 400020
2 400024
1 10010024
2 400028
2 40002c
2 400030
2 400014
2 400018
2 40001c
2 400020
2 400024
2 400028
1 10010028
2 40002c
2 400030
2 400014
2 400018
2 40001c
2 400020
2 400024
1 1001002c
2 400028
2 40002c
2 400030
2 400014
2 400018
2 40001c
2 400020
2 400024
2 400028
1 10010030
2 40002c
2 400030
2 400014
2 400018
2 40001c
2 400020
2 400024
1 10010034
2 400028
2 40002c
2 400030
2 400034
2 400038
2 40003c
2 40003c
0 10010010
2 400044
2 400048
2 40004c
2 400050
2 400054
2 400038
2 40003c
2 40003c
0 10010014
2 400044
2 400048
2 40004c
2 400050
2 400054
2 400038
2 40003c
2 40003c
0 10010018
2 400044
2 400048
2 40004c
2 400050
2 400054
2 400038
2 40003c
2 40003c
0 1001001c
2 400044
2 400048
2 40004c
2 400050
2 400054
2 400038
2 40003c
2 40003c
0 10010020
2 400044
2 400048
2 40004c
2 400050
2 400054
2 400038
2 40003c
2 40003c
0 10010024
2 400044
2 400048
2 40004c
2 400050
2 400054
2 400038
2 40003c
2 40003c
0 10010028
2 400044
2 400048
2 40004c
2 400050
2 400054
2 400038
2 40003c
2 40003c
0 1001002c
2 400044
2 400048
2 40004c
2 400050
2 400054
2 400038
2 40003c
2 40003c
0 10010030
2 400044
2 400048
2 40004c
2 400050
2 400054
2 400038
2 40003c
2 40003c
0 10010034
2 400044
2 400048
2 40004c
2 400050
2 400054
2 400058
